# no of slaves # no of test run # time # time avg of all samples in a set
1   1    181,733569958   197,9705022752
1   2    205,435226994
1   3    213,816891728
1   4    220,638629157
1   5    185,315214816
1   6    205,932708754
1   7    210,817160055
1   8    173,654600591
1   9    169,750320863
1   10   212,610699836
2   1    247,941700691   261,7197909292
2   2    263,030639645
2   3    282,748023805
2   4    218,627704811
2   5    266,9460077
2   6    266,744406173
2   7    270,746387931
2   8    276,350814104
2   9    242,779425527
2   10   281,282798905
3   1    281,627658049   294,378939488
3   2    241,704820259
3   3    274,628078213
3   4    247,798372793
3   5    239,394834292
3   6    260,402907522
3   7    296,00849684
3   8    359,709206577
3   9    389,205633349
3   10   353,309386986
